0.7677855797286736
0.7363497135100334
0.8501226635121587
0.35688306928189323
0.3915970932160105
0.38441846785006495
0.33323475357883775
0.3018410291149418
0.330916248817942
0.3055343342535913
0.2739547714908748
0.3057292593138686
0.2549786212355661
0.2895020249206374
0.285339490738886
0.2788916634900102
0.24526938759108216
0.2763171806804407
0.23835965333732842
0.26681110918966694
0.27243318685145773
0.23492601529748708
0.2678645575907566
0.26247352388685447
0.23020843939502228
0.2661827054502232
0.2558770724443167
0.22918204169696582
0.253390093586211
0.26035957332295395
0.2287072252506005
0.254489171308781
0.2608055240913495
0.22287873808604314
0.25093554993316947
0.2592352754446362
0.22591651059083465
0.25315954524284995
0.26046847682327096
0.22855205913739546
0.2530259343781578
0.261098681657172
0.25744721821265054
0.22497551961700674
0.25004306730272163
