0.7755363805970149
0.7873800639658849
0.7515991471215352
0.8940731609808102
0.8815131929637526
0.8849613539445629
0.9012193496801706
0.9106809701492538
0.9010527718550106
0.9106976279317697
0.9194429637526652
0.9095815565031983
0.9252898454157783
0.9143456823027718
0.915894856076759
0.9170609008528785
0.927555303837953
0.9184268390191898
0.9289712153518124
0.9217250799573561
0.9196095415778252
0.9312866471215352
0.9222914445628998
0.9222747867803838
0.9325193230277186
0.9224080490405118
0.9248567430703625
0.9327025586353944
0.925706289978678
0.9231409914712153
0.9332689232409381
0.9247734541577826
0.9240738272921108
0.9344682835820896
0.9262393390191898
0.9242903784648188
0.933668710021322
0.9261227345415778
0.9226745735607675
0.9330856876332623
0.9253398187633263
0.923790644989339
0.9246901652452025
0.9330523720682303
0.9266557835820896
